1010
1020
1030
1040
1050
1060
1080
1090
1120
1140
1150
1201
1210
1211
1212
1213
1214
1301
1310
1320
1330
8312
8311
8310
8300
8290
8280
8270
8260
8250
8240
8230
8220
8210
8200
8190
8180
8170
8160
8150
8140
8130
8120
8110
8100
8090
8080
8070
8060
8050
8040
8030
8020
8012
8011
8010
7050
7040
7030
7020
7010
6090
6080
6070
6060
6050
6040
6020
6010
6004
6002
6001
5110
4310
4300
4290
4280
4270
4260
4250
4240
4230
4220
4210
4200
4190
4180
4170
4160
4150
4140
4130
4110
4100
4090
4080
4070
4061
4050
4040
4030
4020
4010
4005
4004
4003
4002
4001
3091
3090
3080
3060
3050
3040
3030
3020
3010
3004
3003
3002
3001
2380
2370
2260
2360
2350
2340
2330
2320
2310
2300
2290
2280
2270
2250
2240
2230
2220
2210
2200
2190
2180
2170
2160
2150
2140
2130
2120
2110
2100
2090
2080
2070
2060
2050
2040
2030
2020
2010
2002
2001
1810